-3.041 -5.121 13.75 1.0
-2.683 -30.521 14.75 1.0
-2.683 -40.538 6.25 1.0
-2.683 -25.334 -1.75 1.0
-2.862 -21.22 6.75 1.0
8.228 -29.806 7.25 1.0
-13.773 -31.236 7.75 1.0
7.155 -31.594 -0.25 1.0
-12.342 -32.31 -1.75 1.0
-2.75 -56.724 18.0 1.0
-2.973 -13.707 3.878 1.0
-0.894 -12.813 5.25 1.0
-5.187 -12.634 4.75 1.0
-3.041 -35.529 17.25 1.0
9.662 -0.25 39.307 1.0
-16.25 -5.464 40.287 1.0
13.626 -31.75 41.041 1.0
-18.582 -33.204 40.298 1.0
-2.75 23.51 21.343 1.0
-2.325 -41.253 21.25 1.0
28.75 -9.921 -4.287 1.0
-31.839 -11.274 -4.25 1.0
13.626 -14.75 4.126 1.0
-18.334 -16.25 3.383 1.0
14.31 -9.987 -4.25 1.0
-20.034 -11.489 -5.75 1.0
11.25 -43.352 19.114 1.0
-15.113 -46.25 19.734 1.0
16.75 -76.782 21.343 1.0
-20.25 -76.225 17.443 1.0
7.87 11.049 12.75 1.0
-13.809 7.614 10.75 1.0
