0.399 -2.296 13.527 1.0
0.283 -27.87 15.645 1.0
0.958 -38.007 8.75 1.0
0.712 -25.25 0.084 1.0
0.802 -19.084 7.392 1.0
10.712 -29.291 9.248 1.0
-10.687 -28.909 9.154 1.0
10.628 -30.625 1.716 1.0
-8.75 -30.656 0.445 1.0
0.013 -51.059 21.449 1.0
1.161 -12.843 4.471 1.0
2.906 -12.75 4.587 1.0
-0.799 -13.013 4.634 1.0
0.277 -31.362 21.347 1.0
12.107 -1.927 42.25 1.0
-15.164 -2.25 40.883 1.0
15.709 -28.369 43.496 1.0
-17.708 -28.25 41.364 1.0
-0.374 27.281 19.908 1.0
-0.383 -38.843 24.016 1.0
31.771 -9.605 -2.019 1.0
-27.985 -12.375 -4.25 1.0
16.14 -14.354 3.75 1.0
-15.164 -15.31 2.726 1.0
19.221 -8.32 -4.007 1.0
-17.102 -11.386 -7.25 1.0
12.028 -37.855 20.252 1.0
-11.166 -39.633 19.978 1.0
18.082 -71.688 26.363 1.0
-15.648 -73.465 24.459 1.0
10.77 12.75 8.262 1.0
-10.573 10.083 6.533 1.0
