-2.199 -0.545 9.25 1.0
-2.742 -26.356 11.75 1.0
-2.742 -38.311 3.75 1.0
-2.199 -24.726 -5.75 1.0
-2.199 -17.39 3.25 1.0
8.941 -28.801 4.25 1.0
-14.153 -26.356 4.25 1.0
7.854 -30.703 -3.75 1.0
-11.708 -30.16 -2.75 1.0
-3.557 -56.786 17.75 1.0
-2.199 -10.598 -0.75 1.0
0.79 -10.054 0.75 1.0
-4.1 -9.782 0.75 1.0
-3.285 -34.507 15.75 1.0
13.017 -4.077 38.25 1.0
-17.685 4.618 34.75 1.0
14.919 -34.507 35.75 1.0
-19.316 -26.356 38.25 1.0
-2.75 32.53 12.698 1.0
-3.285 -44.56 20.75 1.0
28.232 -9.782 -7.25 1.0
-35.889 -9.782 -6.25 1.0
14.375 -9.511 -0.75 1.0
-20.402 -11.141 1.75 1.0
16.277 -7.337 -10.75 1.0
-21.218 -5.979 -12.25 1.0
9.756 -44.832 17.25 1.0
-13.338 -44.017 17.25 1.0
14.25 -86.309 16.752 1.0
-21.75 -82.566 18.0 1.0
8.398 16.301 2.75 1.0
-15.24 16.844 0.75 1.0
