-1.668 -0.451 5.798 1.0
-1.365 -27.371 8.25 1.0
-0.846 -39.561 2.775 1.0
-1.07 -25.748 -6.343 1.0
-1.365 -17.779 0.622 1.0
9.629 -29.235 1.873 1.0
-12.064 -30.101 1.75 1.0
9.333 -33.25 -6.542 1.0
-11.823 -33.103 -7.001 1.0
-1.217 -53.934 16.25 1.0
-1.239 -11.13 -4.035 1.0
0.43 -10.87 -2.326 1.0
-3.79 -10.974 -2.728 1.0
-1.278 -32.25 13.705 1.0
11.743 -0.75 30.402 1.0
-13.976 -0.848 29.639 1.0
15.997 -27.371 31.909 1.0
-19.272 -27.371 31.976 1.0
-1.704 31.896 8.397 1.0
-0.846 -36.651 16.201 1.0
30.09 -8.758 -11.439 1.0
-33.912 -9.468 -10.597 1.0
15.84 -12.083 -4.572 1.0
-23.634 -12.611 -4.557 1.0
18.438 -8.536 -14.39 1.0
-22.75 -8.763 -15.136 1.0
14.505 -42.887 14.829 1.0
-19.712 -45.881 15.321 1.0
18.527 -81.787 18.743 1.0
-20.684 -81.877 17.007 1.0
9.167 14.649 -2.366 1.0
-13.45 13.736 -2.3 1.0
