-1.111 2.124 -2.25 1.0
-0.75 -26.75 1.75 1.0
-0.379 -37.75 -5.021 1.0
-0.53 -23.361 -13.653 1.0
-0.53 -14.75 -6.687 1.0
9.753 -27.259 -5.25 1.0
-11.235 -27.259 -5.75 1.0
9.466 -31.137 -13.3 1.0
-10.404 -29.757 -12.896 1.0
-2.25 -53.086 9.129 1.0
-0.75 -8.75 -10.75 1.0
1.259 -9.204 -9.013 1.0
-2.75 -8.75 -9.25 1.0
-0.75 -32.051 5.434 1.0
12.097 2.25 23.337 1.0
-12.781 2.25 22.152 1.0
17.27 -26.75 24.428 1.0
-17.516 -26.25 23.554 1.0
-1.25 33.747 4.521 1.0
-2.25 -40.097 10.872 1.0
29.506 -6.75 -19.958 1.0
-30.728 -8.902 -16.228 1.0
16.824 -12.75 -12.522 1.0
-17.694 -12.25 -10.962 1.0
18.25 -5.576 -21.404 1.0
-20.25 -5.827 -21.153 1.0
10.25 -40.212 8.463 1.0
-12.25 -40.965 8.463 1.0
16.545 -78.298 9.75 1.0
-19.681 -79.552 12.05 1.0
8.75 15.75 -10.25 1.0
-12.25 17.75 -8.25 1.0
