-2.63 -2.099 7.255 1.0
-2.63 -30.093 9.231 1.0
-2.63 -40.392 0.79 1.0
-2.195 -26.612 -8.775 1.0
-1.905 -19.36 0.283 1.0
8.974 -30.238 4.223 1.0
-13.074 -30.673 2.293 1.0
7.523 -34.155 -7.254 1.0
-11.768 -33.284 -7.777 1.0
-3.355 -55.187 15.738 1.0
-1.76 -12.832 -3.754 1.0
0.961 -12.836 -2.712 1.0
-4.466 -11.517 -1.219 1.0
-3.143 -35.113 14.733 1.0
9.647 -4.02 36.732 1.0
-17.477 -1.594 36.783 1.0
15.16 -34.672 37.71 1.0
-20.123 -23.646 37.755 1.0
-0.75 29.082 16.328 1.0
-4.75 -36.666 21.9 1.0
27.729 -7.768 -11.25 1.0
-32.913 -12.399 -9.733 1.0
14.719 -13.061 -3.275 1.0
-17.698 -13.061 -3.267 1.0
13.616 -7.327 -13.712 1.0
-20.564 -8.651 -13.719 1.0
9.426 -44.154 19.239 1.0
-14.169 -43.493 15.745 1.0
13.396 -78.555 20.273 1.0
-19.462 -81.201 15.299 1.0
9.426 14.724 0.221 1.0
-11.523 12.96 0.203 1.0
