-1.88 -3.975 4.568 1.0
-1.883 -31.25 7.292 1.0
-1.615 -39.676 -1.75 1.0
-2.25 -26.75 -9.25 1.0
-2.125 -19.028 0.053 1.0
8.671 -31.25 -0.041 1.0
-12.665 -31.685 -0.25 1.0
7.856 -33.215 -7.955 1.0
-11.475 -32.705 -9.855 1.0
-3.25 -53.772 13.981 1.0
-1.688 -13.579 -4.929 1.0
-0.25 -13.418 -3.061 1.0
-3.995 -13.325 -4.347 1.0
-1.571 -36.75 11.482 1.0
11.977 -4.25 34.276 1.0
-17.583 -4.25 33.908 1.0
14.92 -31.25 35.748 1.0
-19.79 -31.25 35.87 1.0
-2.25 25.311 13.639 1.0
-2.439 -40.743 17.142 1.0
31.766 -9.75 -12.617 1.0
-34.325 -13.75 -9.332 1.0
16.25 -16.25 -3.75 1.0
-17.085 -14.005 -6.25 1.0
19.296 -9.755 -13.39 1.0
-24.75 -12.25 -14.75 1.0
14.25 -46.002 17.23 1.0
-18.75 -51.132 15.563 1.0
18.615 -80.136 16.75 1.0
-17.899 -84.503 15.247 1.0
10.795 12.686 0.75 1.0
-14.614 12.25 -0.443 1.0
