-3.302 -5.75 13.651 1.0
-3.25 -32.25 16.75 1.0
-2.624 -43.846 9.25 1.0
-2.75 -29.75 0.25 1.0
-2.75 -21.416 8.89 1.0
7.973 -33.75 10.108 1.0
-12.947 -33.758 9.625 1.0
7.045 -36.25 1.261 1.0
-12.25 -37.25 -0.75 1.0
-3.337 -56.249 19.271 1.0
-2.702 -16.022 4.333 1.0
-0.689 -16.25 6.558 1.0
-4.185 -15.818 6.028 1.0
-2.848 -35.723 19.75 1.0
7.022 -5.25 39.037 1.0
-14.801 -5.25 37.6 1.0
11.996 -32.25 41.103 1.0
-18.744 -32.25 40.212 1.0
-3.25 18.648 21.076 1.0
-2.115 -41.868 24.097 1.0
27.797 -13.75 -0.486 1.0
-32.09 -16.75 -2.022 1.0
13.232 -18.25 4.712 1.0
-16.801 -18.246 2.309 1.0
15.988 -12.879 -4.122 1.0
-20.75 -14.75 -5.75 1.0
8.668 -46.25 24.439 1.0
-12.531 -47.25 21.642 1.0
12.75 -79.646 24.601 1.0
-16.25 -82.116 25.095 1.0
8.168 7.609 9.275 1.0
-13.884 5.106 5.25 1.0
