-0.967 -1.42 4.436 1.0
-0.322 -28.956 9.457 1.0
-0.264 -42.129 3.192 1.0
0.381 -29.073 -8.25 1.0
-0.031 -19.699 -0.034 1.0
10.135 -30.696 2.66 1.0
-10.073 -31.161 2.844 1.0
9.52 -38.564 -8.24 1.0
-8.817 -38.505 -8.24 1.0
-0.913 -62.846 17.294 1.0
-0.495 -12.926 -4.99 1.0
1.18 -12.75 -4.552 1.0
-2.383 -12.798 -4.682 1.0
-0.858 -33.05 14.365 1.0
11.938 -1.281 31.907 1.0
-14.494 -1.25 30.627 1.0
17.339 -28.956 31.187 1.0
-18.25 -29.25 31.25 1.0
-0.977 29.773 12.594 1.0
-0.808 -39.914 16.75 1.0
26.652 -7.135 -14.74 1.0
-26.537 -9.936 -15.088 1.0
14.378 -13.319 -4.75 1.0
-15.994 -13.461 -4.932 1.0
15.18 -8.75 -16.402 1.0
-14.814 -9.857 -13.75 1.0
11.763 -41.545 13.991 1.0
-14.174 -45.25 14.711 1.0
18.459 -75.947 18.984 1.0
-16.333 -81.506 18.71 1.0
8.381 16.25 -1.286 1.0
-11.833 13.788 -1.206 1.0
