1.792 0.134 8.906 1.0
1.139 -25.978 12.864 1.0
1.022 -37.333 5.234 1.0
1.257 -21.315 -2.449 1.0
1.296 -15.25 5.078 1.0
12.445 -26.828 6.984 1.0
-9.413 -28.007 5.452 1.0
11.531 -28.396 -3.356 1.0
-8.787 -28.664 -2.982 1.0
-1.282 -53.872 20.243 1.0
1.685 -8.972 0.795 1.0
3.679 -8.972 2.144 1.0
-0.837 -8.972 1.734 1.0
1.34 -31.887 17.25 1.0
14.508 0.25 37.766 1.0
-13.147 0.15 36.609 1.0
16.413 -25.75 40.556 1.0
-15.025 -25.75 39.672 1.0
1.987 27.557 17.76 1.0
0.02 -43.276 23.366 1.0
31.01 -7.793 -5.941 1.0
-28.814 -10.128 -5.179 1.0
19.474 -12.215 1.934 1.0
-16.812 -13.58 1.883 1.0
20.914 -4.914 -9.481 1.0
-19.782 -6.034 -9.783 1.0
10.753 -43.915 18.819 1.0
-10.699 -45.853 20.55 1.0
16.021 -85.081 24.334 1.0
-16.972 -86.634 22.657 1.0
15.378 14.969 2.943 1.0
-12.512 12.096 0.792 1.0
