-3.893 2.056 11.25 1.0
-3.114 -23.148 12.744 1.0
-3.634 -33.541 5.751 1.0
-3.25 -19.95 -3.73 1.0
-3.634 -13.014 3.25 1.0
6.76 -24.187 6.25 1.0
-13.247 -24.187 6.25 1.0
7.019 -26.266 -4.71 1.0
-11.948 -25.746 -4.759 1.0
-2.334 -45.493 13.752 1.0
-3.374 -6.779 0.75 1.0
-1.461 -6.561 1.299 1.0
-5.204 -5.662 -0.73 1.0
-3.108 -27.521 15.214 1.0
8.121 8.411 37.75 1.0
-17.182 8.261 37.25 1.0
13.211 -26.773 38.25 1.0
-21.524 -29.019 35.25 1.0
-3.75 31.31 19.672 1.0
-1.75 -32.208 19.114 1.0
27.75 -5.75 -4.75 1.0
-34.216 -6.75 -7.127 1.0
11.335 -8.726 0.75 1.0
-20.486 -9.244 -0.75 1.0
12.37 -3.811 -9.25 1.0
-18.676 -3.035 -10.744 1.0
7.455 -36.667 16.768 1.0
-11.949 -37.185 15.712 1.0
13.25 -75.668 19.114 1.0
-18.712 -75.25 14.792 1.0
7.455 19.474 5.75 1.0
-16.347 17.921 7.25 1.0
