-0.721 0.646 7.75 1.0
-0.309 -25.52 8.367 1.0
0.065 -37.868 0.626 1.0
0.25 -23.419 -7.803 1.0
-0.512 -15.213 0.454 1.0
11.66 -28.235 1.83 1.0
-11.66 -29.267 0.97 1.0
10.198 -32.617 -8.708 1.0
-10.25 -30.75 -7.25 1.0
0.065 -56.103 14.904 1.0
-0.25 -10.001 -5.223 1.0
1.817 -9.25 -3.1 1.0
-3.026 -8.969 -3.203 1.0
-0.257 -38.606 11.743 1.0
13.359 0.25 33.999 1.0
-15.393 0.25 33.278 1.0
18.202 -25.25 36.163 1.0
-19.309 -25.25 35.648 1.0
-0.25 31.628 14.216 1.0
0.75 -38.901 18.0 1.0
32.988 -5.25 -12.736 1.0
-33.61 -10.25 -11.973 1.0
19.75 -12.75 -4.75 1.0
-21.632 -14.665 -3.25 1.0
20.768 -4.75 -15.18 1.0
-21.238 -7.75 -14.722 1.0
14.25 -43.029 17.312 1.0
-12.75 -45.437 16.452 1.0
19.58 -81.218 17.656 1.0
-18.946 -83.25 13.078 1.0
11.45 16.75 0.705 1.0
-11.372 13.55 -1.25 1.0
