-2.206 -2.424 -1.75 1.0
-1.678 -29.343 -0.25 1.0
-2.206 -41.22 -8.75 1.0
-2.206 -32.247 -17.75 1.0
-1.15 -19.842 -8.75 1.0
8.351 -31.719 -6.75 1.0
-13.026 -30.399 -4.25 1.0
7.295 -38.317 -16.25 1.0
-10.651 -36.997 -15.75 1.0
-2.206 -62.333 1.25 1.0
-2.206 -14.3 -13.75 1.0
-0.094 -12.717 -11.25 1.0
-2.997 -13.245 -11.75 1.0
-1.678 -35.414 2.25 1.0
17.06 -0.84 26.75 1.0
-19.096 4.438 25.25 1.0
16.532 -30.663 28.75 1.0
-19.624 -34.886 28.25 1.0
-1.25 27.539 1.781 1.0
0.75 -43.265 8.643 1.0
31.576 -12.981 -21.25 1.0
-32.028 -14.828 -18.75 1.0
14.421 -17.467 -15.75 1.0
-17.513 -16.412 -11.75 1.0
16.005 -9.814 -25.75 1.0
-19.096 -8.758 -21.75 1.0
10.726 -44.915 6.75 1.0
-12.498 -45.442 7.25 1.0
17.852 -85.822 5.75 1.0
-20.152 -85.822 9.25 1.0
10.462 7.605 -12.25 1.0
-11.707 7.077 -11.25 1.0
