-4.503 -3.987 11.75 1.0
-3.75 -30.75 10.75 1.0
-3.75 -40.75 1.75 1.0
-3.02 -26.576 -4.354 1.0
-3.758 -18.289 4.243 1.0
6.75 -30.75 4.75 1.0
-13.403 -31.621 5.377 1.0
5.915 -34.093 -4.25 1.0
-12.626 -33.299 -3.25 1.0
-4.238 -64.729 14.25 1.0
-3.02 -12.893 0.849 1.0
-1.379 -12.7 2.583 1.0
-5.05 -13.049 2.583 1.0
-3.557 -34.125 14.149 1.0
7.141 -4.012 36.261 1.0
-15.547 -3.75 36.408 1.0
12.41 -30.25 36.115 1.0
-18.767 -30.25 36.408 1.0
-5.25 25.75 18.75 1.0
-5.008 -43.094 19.285 1.0
29.25 -7.581 -5.076 1.0
-35.5 -11.857 -2.75 1.0
14.25 -16.159 1.443 1.0
-19.499 -14.75 0.4 1.0
16.069 -7.022 -6.333 1.0
-21.402 -8.75 -7.504 1.0
6.25 -45.25 15.75 1.0
-11.75 -46.75 18.25 1.0
16.75 -79.75 18.75 1.0
-17.742 -83.75 22.502 1.0
4.945 15.25 6.841 1.0
-14.25 10.75 6.25 1.0
