-2.617 -1.824 3.277 1.0
-1.665 -29.656 5.793 1.0
-2.141 -40.837 -2.799 1.0
-1.665 -28.229 -10.753 1.0
-2.141 -19.665 -2.252 1.0
9.753 -32.986 -1.719 1.0
-12.846 -31.321 -1.221 1.0
8.326 -34.652 -10.21 1.0
-12.37 -33.224 -9.226 1.0
-1.903 -56.299 10.776 1.0
-1.427 -11.339 -7.272 1.0
-0.238 -11.815 -5.724 1.0
-4.044 -11.577 -6.222 1.0
-2.141 -35.365 9.731 1.0
12.831 -2.25 30.831 1.0
-16.573 -1.75 31.9 1.0
17.603 -32.749 32.75 1.0
-20.458 -32.273 34.75 1.0
-0.75 29.639 6.856 1.0
-2.617 -37.744 17.259 1.0
33.147 -7.754 -16.216 1.0
-35.82 -11.75 -13.008 1.0
14.511 -13.956 -8.753 1.0
-18.555 -13.004 -8.197 1.0
20.821 -6.733 -22.632 1.0
-22.989 -9.2 -18.355 1.0
13.321 -50.114 13.25 1.0
-14.035 -49.4 12.258 1.0
15.798 -89.04 12.428 1.0
-23.211 -82.911 15.771 1.0
9.039 15.541 -4.244 1.0
-14.511 15.065 -2.741 1.0
