-1.429 -1.142 5.25 1.0
-0.671 -28.15 9.25 1.0
-0.241 -41.747 2.75 1.0
-0.719 -28.75 -7.341 1.0
-0.773 -18.985 1.396 1.0
11.837 -29.853 2.648 1.0
-12.876 -30.598 2.985 1.0
10.514 -36.268 -7.819 1.0
-11.297 -38.294 -7.954 1.0
-0.773 -55.25 14.257 1.0
-0.766 -13.424 -3.325 1.0
1.343 -11.974 -2.837 1.0
-2.672 -12.38 -2.62 1.0
-0.665 -33.25 12.575 1.0
14.792 -0.75 30.211 1.0
-17.674 -0.75 29.943 1.0
19.174 -27.89 33.61 1.0
-22.146 -27.698 32.536 1.0
-0.723 32.822 11.608 1.0
-0.33 -37.23 15.731 1.0
32.858 -5.457 -12.183 1.0
-35.562 -7.656 -12.476 1.0
17.176 -12.943 -3.75 1.0
-21.378 -13.146 -3.597 1.0
20.111 -4.038 -16.208 1.0
-25.545 -6.25 -16.476 1.0
13.577 -43.25 15.993 1.0
-19.892 -44.167 14.134 1.0
18.04 -82.893 19.489 1.0
-18.768 -83.96 18.82 1.0
9.701 14.784 -0.51 1.0
-11.158 14.25 -2.481 1.0
