0.93 -4.099 12.708 1.0
0.179 -29.388 15.66 1.0
0.322 -40.346 9.177 1.0
0.537 -25.927 0.147 1.0
0.761 -20.363 7.824 1.0
9.561 -31.76 9.462 1.0
-9.95 -31.337 8.952 1.0
8.484 -33.501 0.947 1.0
-8.344 -33.219 0.9 1.0
-1.832 -57.305 20.658 1.0
0.766 -14.178 3.909 1.0
2.472 -14.077 4.25 1.0
-0.572 -14.144 4.25 1.0
0.03 -32.144 18.487 1.0
10.951 -3.802 40.25 1.0
-12.499 -3.802 38.25 1.0
13.271 -29.388 44.928 1.0
-16.753 -29.399 40.946 1.0
1.109 22.504 20.006 1.0
-0.811 -41.884 24.544 1.0
29.16 -11.826 -2.865 1.0
-28.016 -12.893 -1.321 1.0
17.103 -16.091 4.794 1.0
-15.952 -16.173 4.25 1.0
16.802 -9.75 -7.275 1.0
-16.526 -10.268 -7.034 1.0
10.479 -43.48 21.217 1.0
-12.287 -42.623 19.012 1.0
16.081 -81.25 22.111 1.0
-20.034 -81.052 20.68 1.0
12.803 8.217 4.351 1.0
-9.8 9.827 4.089 1.0
