-1.558 2.482 3.75 1.0
-1.558 -25.792 7.25 1.0
-1.113 -36.701 -1.25 1.0
-1.113 -19.336 -9.25 1.0
-1.336 -16.219 -1.75 1.0
10.241 -28.241 -1.25 1.0
-13.135 -27.573 0.25 1.0
9.573 -30.245 -9.75 1.0
-11.132 -29.8 -11.75 1.0
-2.226 -49.837 10.75 1.0
-1.781 -7.982 -5.75 1.0
0.891 -7.536 -4.75 1.0
-3.562 -8.427 -4.25 1.0
-0.668 -32.471 10.75 1.0
13.803 5.154 32.75 1.0
-17.811 8.939 32.75 1.0
16.03 -27.351 36.75 1.0
-19.146 -25.792 37.25 1.0
0.25 33.887 10.726 1.0
-2.425 -43.75 14.606 1.0
32.784 -6.327 -14.75 1.0
-34.026 -8.314 -14.25 1.0
15.895 -11.294 -7.75 1.0
-19.621 -11.294 -6.25 1.0
17.882 -5.83 -19.25 1.0
-18.131 -7.32 -16.75 1.0
9.935 -42.34 13.75 1.0
-12.667 -42.836 12.25 1.0
15.75 -87.244 13.321 1.0
-17.25 -92.235 9.89 1.0
8.2 13.336 -5.25 1.0
-13.279 15.188 -5.75 1.0
