-0.403 -0.189 4.631 1.0
-0.585 -27.953 9.75 1.0
-0.75 -39.393 4.902 1.0
-0.25 -26.994 -6.798 1.0
-0.585 -16.712 1.06 1.0
12.161 -30.137 3.181 1.0
-12.769 -29.837 3.75 1.0
10.25 -34.25 -6.25 1.0
-12.21 -32.074 -3.75 1.0
-2.013 -55.75 16.872 1.0
-1.369 -11.102 -4.55 1.0
1.398 -11.382 -2.75 1.0
-3.076 -10.823 -2.75 1.0
-0.75 -33.106 13.634 1.0
13.45 -0.25 30.402 1.0
-14.255 -0.25 31.53 1.0
18.604 -27.75 32.496 1.0
-19.409 -28.25 32.496 1.0
-0.564 32.423 13.651 1.0
-1.852 -38.25 19.289 1.0
33.274 -8.773 -15.75 1.0
-34.951 -12.315 -9.75 1.0
18.248 -14.245 -4.877 1.0
-18.92 -13.06 -3.55 1.0
21.716 -9.891 -16.578 1.0
-25.258 -10.823 -15.25 1.0
15.25 -44.458 18.873 1.0
-15.25 -43.75 18.75 1.0
18.175 -74.948 16.25 1.0
-20.225 -79.608 14.904 1.0
8.617 16.25 -0.04 1.0
-11.837 14.155 -0.75 1.0
