-2.866 0.923 8.97 1.0
-3.02 -27.75 12.906 1.0
-2.938 -39.749 6.847 1.0
-3.123 -24.75 -3.165 1.0
-2.815 -16.188 4.691 1.0
7.3 -30.362 6.423 1.0
-13.494 -29.57 5.358 1.0
6.376 -33.22 -2.879 1.0
-13.188 -31.453 -2.255 1.0
-2.954 -54.697 20.82 1.0
-3.042 -10.26 -0.144 1.0
-1.412 -10.123 0.442 1.0
-4.793 -9.942 0.397 1.0
-2.74 -37.239 18.473 1.0
9.314 0.75 37.039 1.0
-15.919 0.75 36.246 1.0
12.565 -27.589 39.25 1.0
-17.249 -27.711 38.697 1.0
-3.014 32.16 14.113 1.0
-2.561 -41.0 22.027 1.0
24.166 -10.18 -9.586 1.0
-33.426 -10.059 -7.603 1.0
13.74 -13.146 -1.163 1.0
-19.982 -12.729 -0.861 1.0
14.691 -8.323 -9.325 1.0
-22.912 -9.783 -9.076 1.0
9.855 -44.25 18.007 1.0
-13.722 -45.397 21.045 1.0
13.857 -86.069 22.127 1.0
-19.09 -81.443 24.109 1.0
8.299 15.221 1.656 1.0
-15.05 15.75 1.603 1.0
