-4.25 -0.84 14.915 1.0
-3.242 -26.862 18.72 1.0
-3.25 -39.787 11.059 1.0
-3.25 -27.833 2.961 1.0
-4.25 -16.265 11.445 1.0
7.533 -28.635 11.75 1.0
-13.958 -30.186 12.25 1.0
6.647 -33.066 1.75 1.0
-12.85 -34.838 1.25 1.0
-2.161 -56.25 23.043 1.0
-3.545 -12.24 7.25 1.0
-1.772 -11.132 6.739 1.0
-5.539 -11.575 8.711 1.0
-3.102 -34.617 23.295 1.0
9.305 -1.605 42.293 1.0
-14.844 -0.276 39.723 1.0
13.958 -26.641 44.231 1.0
-18.832 -26.641 43.72 1.0
-4.25 28.851 20.699 1.0
-3.766 -43.257 28.25 1.0
27.377 -8.25 -3.253 1.0
-33.898 -11.575 -4.25 1.0
11.25 -14.722 2.961 1.0
-21.25 -13.951 3.733 1.0
14.769 -5.75 -6.855 1.0
-24.75 -12.023 -3.594 1.0
7.925 -45.75 26.285 1.0
-14.623 -45.03 23.75 1.0
15.49 -76.25 27.726 1.0
-21.613 -81.25 26.285 1.0
5.982 14.568 8.75 1.0
-14.769 10.75 7.554 1.0
