-1.041 1.745 3.085 1.0
-0.789 -26.866 10.274 1.0
-0.571 -38.952 3.973 1.0
-0.408 -23.113 -7.51 1.0
-0.725 -15.661 -0.195 1.0
10.75 -27.547 2.038 1.0
-13.023 -27.496 2.343 1.0
10.501 -29.736 -8.044 1.0
-10.525 -30.042 -7.534 1.0
-1.552 -54.736 19.451 1.0
-0.893 -9.821 -5.618 1.0
0.635 -8.853 -5.25 1.0
-2.743 -8.816 -5.114 1.0
-0.573 -29.92 15.625 1.0
12.187 1.75 33.305 1.0
-12.302 1.727 32.702 1.0
17.878 -26.956 34.25 1.0
-18.331 -27.25 35.434 1.0
-0.579 35.233 10.84 1.0
-0.334 -35.25 22.078 1.0
30.531 -7.537 -12.168 1.0
-31.424 -8.708 -10.131 1.0
15.793 -10.901 -6.18 1.0
-17.517 -11.916 -5.345 1.0
20.596 -7.333 -15.732 1.0
-20.611 -7.282 -16.139 1.0
13.836 -41.286 17.878 1.0
-15.969 -42.572 16.775 1.0
17.012 -81.063 22.078 1.0
-17.354 -86.119 20.573 1.0
9.846 18.238 -4.785 1.0
-13.282 18.322 -2.841 1.0
