-1.174 -0.009 3.071 1.0
-1.372 -25.732 6.101 1.0
-1.747 -38.25 -1.43 1.0
-1.75 -22.511 -10.242 1.0
-1.006 -15.25 -2.056 1.0
10.275 -27.43 -1.114 1.0
-12.255 -27.908 -1.606 1.0
8.402 -31.584 -11.553 1.0
-10.774 -30.078 -10.25 1.0
-1.72 -53.304 9.75 1.0
-0.917 -10.426 -5.75 1.0
0.902 -9.252 -4.696 1.0
-2.967 -9.546 -4.957 1.0
-1.613 -32.787 8.943 1.0
13.31 -0.25 33.576 1.0
-15.114 -0.25 33.065 1.0
15.788 -25.75 36.054 1.0
-18.321 -25.75 34.96 1.0
-1.631 30.343 12.168 1.0
-1.485 -36.23 14.116 1.0
30.0 -8.956 -14.286 1.0
-31.753 -9.269 -14.09 1.0
15.634 -12.946 -6.416 1.0
-19.196 -12.662 -7.895 1.0
18.266 -7.891 -17.515 1.0
-21.894 -8.421 -17.75 1.0
13.242 -40.554 10.766 1.0
-15.741 -40.554 10.554 1.0
18.022 -83.607 9.054 1.0
-18.15 -85.857 9.579 1.0
10.987 13.25 -4.619 1.0
-12.913 14.636 -4.816 1.0
