-2.148 -3.25 8.122 1.0
-1.457 -29.075 9.406 1.0
-0.843 -38.665 2.69 1.0
-1.654 -22.706 -5.525 1.0
-1.704 -18.75 2.394 1.0
8.469 -29.167 1.89 1.0
-11.315 -30.537 1.653 1.0
8.419 -31.75 -5.557 1.0
-10.593 -32.838 -5.232 1.0
-1.234 -50.702 12.75 1.0
-1.704 -13.13 -1.409 1.0
0.222 -12.921 -0.816 1.0
-3.686 -12.879 -0.25 1.0
-1.358 -34.454 14.004 1.0
11.473 -2.75 38.166 1.0
-15.341 -2.75 37.848 1.0
14.894 -28.75 36.654 1.0
-17.887 -28.75 37.052 1.0
-1.115 26.613 18.483 1.0
-1.258 -38.581 16.206 1.0
26.748 -6.147 -12.392 1.0
-31.109 -9.347 -10.25 1.0
16.088 -13.749 -0.166 1.0
-19.908 -15.074 0.25 1.0
17.316 -7.582 -8.022 1.0
-18.813 -8.316 -8.903 1.0
13.61 -41.518 14.694 1.0
-13.988 -44.072 13.123 1.0
20.263 -73.689 16.843 1.0
-18.921 -78.579 18.263 1.0
8.924 12.25 3.49 1.0
-14.013 10.359 1.812 1.0
