-1.51 0.745 3.243 1.0
-1.573 -29.046 6.75 1.0
-2.243 -42.302 -1.261 1.0
-1.245 -27.481 -11.771 1.0
-1.192 -17.531 -1.791 1.0
10.678 -29.934 1.109 1.0
-12.585 -31.523 -0.307 1.0
8.928 -34.067 -9.898 1.0
-12.532 -32.54 -9.778 1.0
-1.439 -57.432 11.188 1.0
-0.861 -10.717 -6.967 1.0
1.335 -11.544 -6.072 1.0
-2.872 -11.544 -6.314 1.0
-1.625 -41.294 7.612 1.0
13.055 0.7 33.633 1.0
-15.352 0.75 33.239 1.0
16.981 -28.75 33.107 1.0
-19.624 -28.75 33.042 1.0
-1.208 39.268 7.75 1.0
-1.236 -41.487 12.209 1.0
29.121 -8.104 -13.133 1.0
-32.255 -8.775 -12.222 1.0
14.979 -12.761 -6.149 1.0
-18.725 -12.812 -5.076 1.0
17.504 -9.597 -13.587 1.0
-21.982 -10.887 -13.809 1.0
12.75 -42.116 9.793 1.0
-15.342 -42.819 10.301 1.0
19.183 -82.724 22.895 1.0
-15.749 -87.749 16.791 1.0
8.91 17.064 -4.309 1.0
-13.672 15.538 -5.394 1.0
