-3.75 -5.348 9.851 1.0
-3.25 -31.57 11.275 1.0
-3.25 -42.618 4.07 1.0
-3.25 -28.208 -2.895 1.0
-2.984 -20.506 4.79 1.0
8.473 -32.202 4.75 1.0
-14.44 -32.44 5.25 1.0
6.75 -35.75 -3.75 1.0
-12.75 -34.75 -3.25 1.0
-3.139 -61.592 12.91 1.0
-2.75 -14.517 0.467 1.0
-0.424 -13.557 1.714 1.0
-4.665 -14.277 1.374 1.0
-3.478 -38.535 14.638 1.0
9.416 -5.25 35.813 1.0
-16.541 -5.25 35.644 1.0
13.148 -31.25 38.019 1.0
-19.594 -31.75 37.34 1.0
-2.969 21.509 18.339 1.0
-2.506 -42.465 19.25 1.0
27.738 -11.75 -8.296 1.0
-33.773 -13.107 -6.75 1.0
16.588 -16.687 1.714 1.0
-21.461 -18.25 1.035 1.0
17.219 -9.049 -9.992 1.0
-23.75 -11.876 -11.542 1.0
9.75 -45.981 17.52 1.0
-15.75 -49.583 18.48 1.0
16.202 -74.209 21.223 1.0
-20.612 -77.204 18.961 1.0
8.473 9.806 5.75 1.0
-13.724 7.658 3.749 1.0
