-3.985 -3.269 12.615 1.0
-4.75 -29.513 15.865 1.0
-4.25 -40.95 9.765 1.0
-4.75 -27.836 -0.299 1.0
-4.636 -18.686 7.478 1.0
5.872 -32.113 10.25 1.0
-15.143 -31.801 8.393 1.0
5.277 -34.75 -0.093 1.0
-13.75 -35.25 -0.25 1.0
-5.25 -53.607 23.49 1.0
-5.25 -14.569 1.988 1.0
-2.655 -13.959 4.581 1.0
-6.75 -14.111 3.818 1.0
-3.75 -35.75 18.75 1.0
8.228 -3.75 40.203 1.0
-16.54 -3.365 40.75 1.0
13.415 -29.75 39.962 1.0
-21.578 -29.912 39.75 1.0
-3.75 26.452 22.575 1.0
-4.833 -39.883 21.965 1.0
25.526 -10.444 -6.25 1.0
-34.8 -12.25 -6.241 1.0
10.75 -15.75 3.25 1.0
-21.054 -16.75 3.042 1.0
14.293 -11.397 -6.598 1.0
-24.164 -11.397 -7.75 1.0
9.75 -45.25 21.25 1.0
-16.77 -44.25 19.287 1.0
12.508 -83.75 19.466 1.0
-21.75 -82.429 19.22 1.0
5.105 11.201 7.25 1.0
-13.546 10.793 6.75 1.0
