-3.014 1.629 5.25 1.0
-3.557 -26.356 6.75 1.0
-2.47 -39.398 -3.25 1.0
-2.47 -26.084 -10.75 1.0
-3.557 -16.575 -1.75 1.0
7.311 -27.715 -0.75 1.0
-14.153 -29.888 -2.25 1.0
7.854 -32.334 -9.75 1.0
-13.067 -31.247 -11.25 1.0
-4.1 -54.341 5.25 1.0
-3.557 -9.511 -5.75 1.0
-1.655 -8.424 -4.75 1.0
-4.916 -9.239 -4.75 1.0
-3.557 -30.432 9.25 1.0
12.473 0.814 36.75 1.0
-18.229 4.346 32.25 1.0
13.832 -24.183 36.75 1.0
-22.033 -25.269 35.467 1.0
-2.742 26.082 12.75 1.0
-3.557 -37.496 12.75 1.0
26.873 -6.25 -16.25 1.0
-33.444 -7.881 -15.25 1.0
13.288 -8.696 -6.25 1.0
-20.25 -12.074 -6.017 1.0
17.99 -6.118 -19.25 1.0
-23.75 -5.524 -19.117 1.0
7.75 -40.77 8.331 1.0
-19.888 -40.692 8.643 1.0
17.06 -78.823 14.569 1.0
-21.25 -81.63 15.505 1.0
7.823 14.467 -0.25 1.0
-13.554 13.147 -1.75 1.0
