-0.713 3.764 3.25 1.0
-1.232 -24.61 5.829 1.0
-1.176 -37.413 -0.859 1.0
-1.25 -22.75 -11.25 1.0
-1.001 -13.582 -2.093 1.0
11.352 -26.637 -0.546 1.0
-12.566 -28.126 -1.25 1.0
9.513 -31.193 -10.346 1.0
-11.853 -30.25 -10.394 1.0
-1.785 -51.092 9.011 1.0
-1.25 -8.747 -7.557 1.0
1.487 -7.443 -4.535 1.0
-3.396 -8.028 -4.75 1.0
-0.613 -29.414 9.75 1.0
13.274 4.25 29.381 1.0
-13.485 3.75 28.4 1.0
18.653 -24.25 34.413 1.0
-19.083 -24.25 33.622 1.0
-1.119 33.515 9.218 1.0
-1.638 -38.022 14.6 1.0
30.292 -5.146 -17.335 1.0
-33.579 -6.415 -15.405 1.0
16.904 -9.665 -7.25 1.0
-19.714 -10.75 -6.981 1.0
25.388 -6.174 -19.792 1.0
-29.786 -6.82 -16.809 1.0
10.25 -42.726 15.203 1.0
-13.221 -46.948 13.876 1.0
19.145 -79.998 15.565 1.0
-17.75 -86.276 6.999 1.0
10.686 20.795 -2.75 1.0
-11.461 17.134 -3.506 1.0
