-1.596 -0.899 6.299 1.0
-0.25 -28.008 6.798 1.0
-0.913 -41.226 -0.534 1.0
-1.25 -26.172 -10.463 1.0
-1.474 -16.623 -1.281 1.0
9.618 -29.25 1.993 1.0
-10.882 -31.419 0.027 1.0
9.618 -34.75 -11.206 1.0
-11.163 -34.25 -10.925 1.0
-1.334 -56.75 12.945 1.0
-1.767 -11.389 -5.87 1.0
0.632 -10.603 -3.904 1.0
-3.721 -11.389 -4.606 1.0
-1.75 -35.353 11.756 1.0
12.286 -1.25 34.85 1.0
-15.937 -0.75 33.445 1.0
17.06 -28.25 34.007 1.0
-19.026 -28.25 33.024 1.0
-0.75 30.755 15.429 1.0
-0.25 -36.639 18.184 1.0
27.75 -4.25 -17.25 1.0
-30.046 -9.425 -14.558 1.0
15.516 -11.297 -7.892 1.0
-18.324 -12.75 -6.432 1.0
17.762 -4.057 -17.524 1.0
-22.714 -7.985 -17.946 1.0
9.361 -41.238 17.25 1.0
-14.75 -43.25 14.327 1.0
15.75 -78.75 17.25 1.0
-24.154 -73.968 11.25 1.0
8.25 14.778 0.555 1.0
-13.25 12.391 0.188 1.0
